Cell name	numeric_P(Erythroid)	numeric_P(Granulocyte)	numeric_P(Lymphoid)	numeric_P(Dendritic cell)	numeric_P(Megakaryocyte)	numeric_P(Monocyte)	numeric_P(Basophil/Mast cell)	numeric_Total counts	numeric_Uniform	Louvain cluster	Library	Prep Batch	numeric_x	numeric_y
cell_174	0.0014039999999999999	0.01732	0.0024812	0.046865	0.00044956	0.9308700000000001	0.00060865	6403.0	0.0	2	1	1	620.35763	-158.29196000000002
cell_221	0.00096411	0.026206	0.0020767	0.066754	0.00027478	0.9033100000000001	0.00040963	6724.0	0.0	2	1	1	597.73162	-172.43219
cell_246	0.0025178	0.07634500000000001	0.0091321	0.038399	0.00082021	0.87151	0.0012778	5314.0	0.0	2	1	1	581.27993	-179.49061
cell_251	0.00066561	0.021691	0.0013896	0.021428	0.00019831	0.95434	0.00028468	5693.0	0.0	2	1	1	587.65066	-178.95141999999998
cell_259	0.0016534000000000002	0.01977	0.0028508	0.041849000000000004	0.00051836	0.93265	0.00071255	4777.0	0.0	2	1	1	625.73339	-157.07639
cell_263	1.0	4.0920999999999996e-15	3.1353e-16	0.0	2.2667e-15	0.0	0.0	3797.0	0.0	8	1	1	82.85025	-879.37058
cell_272	1.0	2.0884e-14	1.1123e-15	1.37e-15	3.3408000000000006e-17	1.0848000000000001e-14	4.9417e-16	4691.0	0.0	8	1	1	63.57408	-859.0654400000001
cell_323	0.0018728999999999998	0.023357	0.0034938	0.033968	0.00090308	0.9350700000000001	0.0013357999999999998	4373.0	0.0	2	1	1	583.50085	-161.02678999999998
cell_330	1.0	6.0861e-15	3.0272e-15	3.1983e-15	3.2116e-15	2.8831999999999996e-15	1.2509999999999998e-16	3934.0	0.0	8	1	1	67.18636	-863.84969
cell_338	3.5716e-05	6.723100000000001e-05	0.99908	0.00077144	6.7182e-06	3.3998e-05	6.463400000000001e-06	4011.0	0.0	10	1	1	419.53254000000004	-19.95051
cell_358	1.0	1.9480000000000003e-14	1.1735e-15	1.1323e-15	4.1512000000000003e-16	7.5335e-15	2.8817e-17	2826.0	0.0	8	1	1	81.26966	-881.21113
cell_362	1.0	3.214e-15	1.081e-15	4.4048999999999994e-16	3.4512000000000002e-16	2.8425e-15	3.195e-17	2840.0	0.0	8	1	1	73.34594	-871.6659599999999
cell_388	3.0988000000000005e-09	5.3576e-07	3.2533e-07	1.0	1.4826e-09	2.3349e-07	1.495e-09	3387.0	0.0	11	1	1	476.4759	-112.28553000000001
cell_397	1.0	2.974e-15	4.8593e-17	3.0365e-15	1.5284000000000001e-15	3.5687e-15	1.0150000000000001e-15	3138.0	0.0	8	1	1	70.64585	-868.6084199999999
cell_398	1.047e-05	2.0835e-05	0.9992700000000001	0.00067986	1.9791e-06	1.2718e-05	2.1552e-06	3871.0	0.0	10	1	1	422.62721	-7.101260000000001
cell_433	1.0	3.044e-15	1.6480999999999999e-15	5.1427e-16	3.9460000000000004e-16	4.103e-15	3.7618000000000004e-17	2738.0	0.0	8	1	1	80.68592	-880.72012
cell_448	2.271e-15	1.0	4.7936e-16	3.0288e-16	0.0	3.3432e-16	5.5103e-16	3111.0	0.0	3	1	1	563.73882	-880.8925300000001
cell_469	1.0	5.5278e-16	2.6455000000000003e-16	9.0498e-17	7.0517e-17	2.6869e-16	1.2678e-16	2464.0	0.0	8	1	1	83.2813	-878.9589599999999
cell_476	0.0008449999999999999	0.010231	0.0022231	0.019808000000000003	0.00018621	0.9664200000000001	0.00028484	2635.0	0.0	2	1	1	604.36582	-165.00406999999998
cell_479	1.1614e-16	1.0	1.0137e-15	4.4574e-16	1.7942e-17	6.2685e-16	0.0	2792.0	0.0	3	1	1	567.34434	-880.66624
cell_503	1.1316e-05	2.0749e-05	0.9991200000000001	0.00082703	1.9363e-06	1.2926e-05	2.1143000000000002e-06	2573.0	0.0	10	1	1	423.45628	-6.58108
cell_508	5.3884e-06	1.0351e-05	0.99946	0.00051287	9.117399999999999e-07	6.1035e-06	9.9879e-07	2225.0	0.0	10	1	1	422.72686	0.70187
cell_536	4.0165e-10	7.0436999999999996e-09	1.3509999999999999e-07	1.0	2.5761e-10	2.2765e-08	1.7796e-10	2113.0	0.0	11	1	1	479.49812000000003	-99.74526
cell_537	0.0011296	0.0054225	0.0015213	0.11125	0.00014747	0.88035	0.00018069	2311.0	0.0	2	1	1	588.20776	-154.81696000000002
cell_548	8.6432e-06	1.4765999999999999e-05	0.9993799999999999	0.0005769	1.6888999999999998e-06	1.1218e-05	1.8386e-06	1801.0	0.0	10	1	1	419.12183	-4.9407
cell_552	2.7871999999999997e-05	5.6453e-05	0.99915	0.00072457	5.9652e-06	2.9557e-05	5.5795000000000005e-06	2211.0	0.0	10	1	1	419.30823	-17.64732
cell_556	1.9256e-05	3.6321e-05	0.9981	0.0018116	2.6594e-06	2.2685e-05	2.9786e-06	2211.0	0.0	10	1	1	424.01025999999996	-11.245519999999999
cell_560	3.8360000000000005e-10	1.4609999999999998e-08	7.8857e-08	1.0	2.3704e-10	2.6025e-08	1.9494999999999998e-10	1859.0	0.0	11	1	1	480.20775	-101.69013000000001
cell_561	1.0	7.8018e-15	1.0800999999999997e-15	6.957499999999999e-16	3.0089e-16	5.7678e-15	3.4415e-17	1628.0	0.0	8	1	1	77.70514	-877.5443300000001
cell_562	0.00095407	0.010688	0.0024169	0.10718	0.0005717000000000001	0.87736	0.00083272	1866.0	0.0	2	1	1	595.66447	-149.63846
cell_563	4.3243e-10	1.997e-08	9.773999999999999e-08	1.0	2.2752e-10	3.3339e-08	1.8305000000000003e-10	1834.0	0.0	11	1	1	481.25287000000003	-101.15908
cell_564	2.8454e-15	1.0	7.119300000000001e-17	2.9905e-16	8.599800000000001e-18	1.0023999999999999e-15	4.239600000000001e-17	2236.0	0.0	3	1	1	561.62382	-884.4376300000001
cell_573	4.3243e-10	1.997e-08	9.773999999999999e-08	1.0	2.2752e-10	3.3339e-08	1.8305000000000003e-10	1693.0	0.0	11	1	1	481.82317	-101.68576999999999
cell_576	4.4068999999999996e-17	1.0	1.5681e-16	1.1737e-15	6.0001e-18	6.2519e-16	0.0	2131.0	0.0	3	1	1	558.08191	-883.0481699999999
cell_577	7.9362e-06	7.338099999999999e-06	0.99955	0.00042534	8.3885e-07	4.5064e-06	9.187600000000001e-07	1663.0	0.0	10	1	1	416.83977999999996	0.1489
cell_578	1.15e-09	4.787e-08	2.3053000000000001e-07	1.0	6.954400000000001e-10	7.8029e-08	5.8178e-10	2072.0	0.0	11	1	1	479.8625	-103.07871
cell_580	1.0	1.1541e-14	1.8926999999999998e-15	5.373499999999999e-16	4.7896e-16	6.6898e-15	4.7076e-17	1578.0	0.0	8	1	1	69.09825	-865.93095
cell_581	1.41e-15	1.0	6.4211e-16	1.3827e-15	4.1364e-16	9.984400000000001e-16	3.1944e-17	2056.0	0.0	3	1	1	561.98252	-885.48009
cell_586	6.1625e-06	1.0770999999999999e-05	0.9994200000000001	0.00055564	1.0896e-06	6.903099999999999e-06	1.2092e-06	1740.0	0.0	10	1	1	421.56362	-0.00831
cell_589	9.5591e-06	9.8629e-06	0.9994299999999999	0.0005428999999999999	1.0839e-06	5.9579999999999995e-06	1.202e-06	1535.0	0.0	10	1	1	417.01362	-1.26919
cell_590	1.0	9.7207e-16	5.8782e-16	1.9939e-16	0.0	5.547e-16	3.4849999999999996e-17	1407.0	0.0	8	1	1	74.59493	-873.9729199999999
cell_600	7.158099999999999e-06	1.3460999999999999e-05	0.9995	0.00046538	1.4703e-06	8.3408e-06	1.6172e-06	1593.0	0.0	10	1	1	417.80162	-5.2029
cell_664	7.7259e-15	1.0	3.3948e-16	3.0306e-17	0.0	6.0894e-17	0.0	1121.0	0.0	3	1	1	547.1242599999999	-887.04806
cell_668	6.1978999999999996e-06	9.8542e-06	0.9994200000000001	0.00055469	1.2267e-06	6.5615e-06	1.3499000000000002e-06	1285.0	0.0	10	1	1	418.26295	-1.6979400000000002
cell_682	1.9901e-06	3.1995e-06	0.99935	0.00064644	3.1183000000000006e-07	2.2075e-06	3.5356e-07	1142.0	0.0	10	1	1	427.16398	9.551739999999999
cell_705	0.043108	0.056001999999999996	0.011052	0.015397999999999998	0.015169	0.013865	0.84541	1041.0	0.0	6	1	1	171.47843	31.442970000000003
cell_706	1.5265e-15	1.0	1.2830999999999999e-15	3.4068e-16	2.1256999999999997e-17	4.4388e-16	0.0	851.0	0.0	3	1	1	547.57686	-884.2664599999999
cell_713	1.1803e-05	3.3839e-05	4.9057e-05	0.99971	1.267e-05	0.0001695	1.1795999999999999e-05	747.0	0.0	11	1	1	457.81014000000005	-121.01992
cell_722	8.632e-16	1.0	7.2607e-17	0.0	0.0	0.0	1.4998e-17	1065.0	0.0	3	1	1	552.3406	-890.08012
cell_735	1.0	3.3873000000000004e-15	3.7385999999999998e-16	2.1958e-16	1.0316000000000001e-16	2.8468000000000004e-15	4.5907e-17	1125.0	0.0	8	1	1	75.2676	-874.01454
cell_739	5.2613e-07	4.1783000000000003e-07	0.9999600000000001	3.6011e-05	6.4331e-08	2.9509e-07	7.0107e-08	775.0	0.0	10	1	1	417.67632000000003	8.90573
cell_827	0.00061064	0.0078488	0.0014180999999999998	0.055466999999999995	0.00019428	0.9341799999999999	0.00028221	6498.0	0.0	2	2	4	600.67252	-157.90195
cell_862	0.0021596	0.11834000000000001	0.005431399999999999	0.048554	0.00074737	0.8236399999999999	0.0011232999999999998	7892.0	0.0	2	2	4	593.0263	-183.77393
cell_877	0.0028616	0.062439	0.0044272	0.040256	0.00073828	0.8883	0.00097988	6791.0	0.0	2	2	4	585.3085599999999	-175.63001
cell_881	0.0017000999999999997	0.017556	0.0018904	0.034311	0.00025741	0.94391	0.00037665	6322.0	0.0	2	2	4	589.12485	-170.15073999999998
cell_900	0.0021030999999999997	0.012445	0.0014876	0.017467	0.00026718	0.96586	0.00037311	5899.0	0.0	2	2	4	607.1455599999999	-163.1769
cell_905	0.0021771	0.058025	0.0041824	0.044798000000000004	0.00068645	0.8892100000000001	0.0009212999999999999	6497.0	0.0	2	2	4	596.55561	-173.24606
cell_906	0.0016066	0.033261	0.0027343000000000003	0.035756	0.00044358	0.9255200000000001	0.00068117	6361.0	0.0	2	2	4	603.5319900000001	-170.19975
cell_979	0.001478	0.017426	0.0014559000000000002	0.063108	0.00026498	0.9159299999999999	0.00033965	6285.0	0.0	2	2	4	603.95188	-168.57318999999998
cell_1056	0.0016461	0.048161	0.0033308	0.031945	0.00053492	0.9136200000000001	0.00076613	5858.0	0.0	2	2	4	586.63056	-176.5929
cell_1082	1.0	1.5042e-15	6.8899e-17	1.105e-15	4.3183999999999993e-16	1.2382999999999998e-15	2.3172999999999997e-16	3042.0	0.0	8	2	4	83.94345	-881.0136
cell_1108	0.002095	0.032872000000000005	0.02471	0.030452	0.00076357	0.9076299999999999	0.0014768	4672.0	0.0	2	2	4	590.12581	-163.93767
cell_1144	0.002041	0.052663	0.0038546999999999995	0.038120999999999995	0.0006635	0.90176	0.00089519	5815.0	0.0	2	2	4	583.14724	-175.49443
cell_1146	1.0	1.5143e-15	2.1806999999999997e-15	1.0351e-15	2.3578e-16	1.4618e-15	1.1392e-15	2618.0	0.0	8	2	4	81.88676	-878.9234
cell_1228	0.0020837	0.072907	0.004222699999999999	0.039058999999999996	0.00070787	0.8800100000000001	0.0010093	5196.0	0.0	2	2	4	598.1969	-177.46532
cell_1248	1.0704000000000001e-05	2.4035e-05	0.9990899999999999	0.00085602	1.6969e-06	1.2328e-05	1.8618000000000001e-06	3687.0	0.0	10	2	4	420.47354	-6.967510000000001
cell_1252	0.0025675999999999997	0.058799000000000004	0.0046164	0.033541	0.00085586	0.8984700000000001	0.0011480000000000001	4703.0	0.0	2	2	4	601.61295	-170.53833
cell_1264	0.00072406	0.0050284	0.00069186	0.024406	0.00013116	0.96883	0.00018821	3861.0	0.0	2	2	4	603.02309	-161.19361999999998
cell_1326	0.00063085	0.0077223	0.001916	0.030949	0.00022955	0.95821	0.00033898	3648.0	0.0	2	2	4	619.0729200000001	-153.20622
cell_1352	0.0014219	0.028145	0.0049223	0.021344	0.00054177	0.94194	0.0016809000000000001	4919.0	0.0	2	2	4	600.87878	-162.64141999999998
cell_1356	0.00066061	0.009655500000000001	0.0010002000000000001	0.015484	0.00015004	0.97283	0.00021584	3707.0	0.0	2	2	4	605.1573599999999	-167.01939
cell_1358	0.0010370999999999998	0.013616	0.0044821	0.068621	0.00032949	0.91138	0.0005346	3093.0	0.0	2	2	4	627.73556	-155.30924
cell_1441	0.0011300999999999998	0.015995	0.0022646999999999997	0.070086	0.00041259	0.9096200000000001	0.00049003	2936.0	0.0	2	2	4	593.4803	-159.79536000000002
cell_1452	3.7172e-06	6.4711e-06	0.99964	0.00034384	7.5663e-07	4.7433e-06	8.305200000000001e-07	2376.0	0.0	10	2	4	420.09047999999996	-4.6846
cell_1492	8.1121e-06	1.4909e-05	0.9991	0.00086757	1.4306000000000001e-06	1.051e-05	1.5644999999999998e-06	2745.0	0.0	10	2	4	422.35666	-5.3885
cell_1494	4.5556e-06	7.5138e-06	0.99565	0.0043307	7.7571e-07	5.3701e-06	9.3295e-07	2404.0	0.0	10	2	4	425.90820999999994	-0.7762600000000001
cell_1495	1.476e-15	1.0	1.0050000000000002e-15	2.8335e-15	6.6435e-16	8.0864e-16	1.2826999999999999e-16	2963.0	0.0	3	2	4	565.6152	-881.0695400000001
cell_1541	1.8385e-05	3.2484e-05	0.99892	0.00098494	3.1964e-06	3.2736999999999995e-05	3.4888999999999997e-06	2165.0	0.0	10	2	4	422.78885999999994	-12.96583
cell_1543	0.04527	0.062523	0.011956	0.016576	0.016136	0.016199	0.83134	2595.0	0.0	6	2	4	199.1345	1.94513
cell_1551	9.934100000000002e-07	1.4997e-06	0.99987	0.0001238	1.5423e-07	1.0282e-06	1.6972000000000001e-07	2432.0	0.0	10	2	4	423.6313	10.993310000000001
cell_1557	1.0	1.8265e-14	2.0699e-15	7.303e-16	4.1233000000000004e-16	8.183499999999999e-15	3.2655e-17	1690.0	0.0	8	2	4	77.41713	-874.7773599999999
cell_1563	6.1231000000000004e-15	1.0	7.971499999999999e-16	9.216699999999998e-16	4.0429000000000006e-16	2.9936e-15	0.0	3276.0	0.0	3	2	4	566.62218	-878.3215
cell_1568	2.7325e-05	4.9305e-05	0.99908	0.00080242	3.5385e-06	3.1083e-05	3.985e-06	2275.0	0.0	10	2	4	423.05571	-14.246070000000001
cell_1573	1.6214999999999998e-09	3.2096e-08	1.3576e-07	1.0	1.5954e-09	3.7781e-08	1.4575e-09	1954.0	0.0	11	2	4	475.3007	-105.7968
cell_1592	9.5596e-07	1.4806999999999999e-06	0.9997799999999999	0.00021789	1.4377e-07	1.0178e-06	1.6201e-07	2111.0	0.0	10	2	4	426.27878	11.0682
cell_1617	0.0026466999999999997	0.029763	0.0086872	0.032024000000000004	0.0010097	0.9244600000000001	0.0014059	2290.0	0.0	2	2	4	579.62544	-163.60978
cell_1651	5.8452e-10	3.0008e-08	7.0281e-07	1.0	4.2743999999999997e-10	2.7033e-08	3.8404e-10	2491.0	0.0	11	2	4	477.60526	-103.35852
cell_1663	0.080195	0.040561	0.036081	0.11058	0.64686	0.032519	0.053209000000000006	2080.0	0.0	6	2	4	320.53911	25.38203
cell_1699	1.0	3.587e-15	3.8267e-15	2.1529e-15	4.5994e-16	1.1982e-15	1.932e-15	1714.0	0.0	8	2	4	77.83258000000001	-874.75036
cell_1722	0.0014465	0.030781	0.0024968000000000004	0.035588	0.00042527	0.9286700000000001	0.00059421	2570.0	0.0	2	2	4	587.60242	-173.06372
cell_1724	4.307e-05	4.7948e-05	0.99945	0.00042605	3.4898e-06	2.0623000000000002e-05	4.9023000000000005e-06	2096.0	0.0	10	2	4	418.18217999999996	-14.63724
cell_1732	7.2102e-16	1.0	9.157499999999999e-17	0.0	0.0	0.0	7.1108e-17	1889.0	0.0	3	2	4	558.98925	-875.4173400000001
cell_1743	1.0	5.6125e-15	1.5586e-15	1.5144e-16	7.236000000000001e-16	3.0688e-15	4.6138e-17	1387.0	0.0	8	2	4	83.24534	-880.4087599999999
cell_1746	1.0	3.3463999999999997e-15	1.1802999999999999e-15	4.191e-16	4.6154e-16	3.4506e-15	2.1531e-17	1760.0	0.0	8	2	4	79.00638000000001	-877.0604699999999
cell_1750	1.0	2.4359e-15	1.4765999999999998e-15	4.1827e-15	1.6407e-15	1.8734999999999998e-15	2.4044e-15	1112.0	0.0	8	2	4	82.47901999999999	-880.3087199999999
cell_1753	9.2385e-06	1.7381e-05	0.9995799999999999	0.00037843	1.3396e-06	1.0371e-05	1.4908000000000002e-06	1745.0	0.0	10	2	4	421.99907	-9.09198
cell_1761	4.5282e-06	8.107899999999999e-06	0.99902	0.00095868	7.8433e-07	5.1657e-06	8.6917e-07	1515.0	0.0	10	2	4	423.5853	1.92989
cell_1772	0.10298	0.049767	0.04305	0.1299	0.5574600000000001	0.038723	0.07811699999999999	1919.0	0.0	6	2	4	315.85231	-0.0061
cell_1782	1.0	3.6115000000000004e-15	1.4312e-15	7.5034e-16	4.0338e-16	4.630600000000001e-15	1.7928e-17	1135.0	0.0	8	2	4	84.86861	-879.28425
cell_1794	6.3761e-06	1.0775e-05	0.9994299999999999	0.00054081	1.105e-06	6.9364e-06	1.2205e-06	1681.0	0.0	10	2	4	420.43064000000004	-1.3024200000000001
cell_1816	1.0	2.0493000000000004e-15	8.0054e-16	8.4315e-17	2.0818000000000004e-17	2.5856999999999998e-15	6.8278e-17	1149.0	0.0	8	2	4	81.01828	-878.2312599999999
cell_1818	9.646000000000001e-16	1.0	3.1156e-17	7.2283e-18	0.0	4.6493e-16	0.0	1902.0	0.0	3	2	4	553.70167	-894.60235
cell_1819	0.07585900000000001	0.038791	0.03599	0.11237	0.65612	0.031331	0.049541	1646.0	0.0	6	2	4	320.17874	27.78006
cell_1820	1.099e-05	1.7364000000000002e-05	0.9994299999999999	0.0005257	1.6131e-06	9.7799e-06	1.8503e-06	1872.0	0.0	10	2	4	419.01206	-5.8349
cell_1821	1.0323999999999998e-06	1.4694e-06	0.99984	0.00015585	1.6952999999999998e-07	1.0203e-06	1.9523e-07	1776.0	0.0	10	2	4	424.77952	10.508519999999999
cell_1826	1.0	2.9005999999999997e-16	9.844799999999999e-17	5.8877e-17	5.1918e-17	1.8303000000000001e-16	1.5031e-17	1507.0	0.0	8	2	4	84.22616	-878.30455
cell_1842	1.0	3.8414000000000005e-15	1.3117e-15	4.1238e-16	4.07e-16	4.3254e-15	3.2928e-17	1155.0	0.0	8	2	4	76.94518000000001	-877.4807300000001
cell_1846	3.4542e-17	1.0	2.0574000000000002e-17	4.466599999999999e-16	0.0	9.509700000000001e-16	0.0	1959.0	0.0	3	2	4	563.8897099999999	-885.79795
cell_1853	1.0964999999999999e-09	1.3423e-08	4.4482999999999995e-08	1.0	5.6079e-10	2.6991999999999998e-08	5.282899999999999e-10	1608.0	0.0	11	2	4	477.92679000000004	-101.77404
cell_1856	2.2321e-05	3.9212e-06	0.99916	0.00081139	1.0439e-06	2.9076999999999997e-06	1.0611e-06	1911.0	0.0	10	2	4	411.67618	-3.3402
cell_1878	1.0	3.0081e-15	4.5841e-16	2.2919e-16	7.0637e-17	1.6830999999999999e-15	1.7344000000000003e-17	1350.0	0.0	8	2	4	79.62558	-878.54785
cell_1883	0.047292	0.051275	0.011117	0.015459	0.015411000000000001	0.013704	0.8457399999999999	1486.0	0.0	6	2	4	207.36727	-3.11294
cell_1905	5.843100000000001e-15	1.0	1.7896e-15	3.1779e-15	1.181e-15	1.5065999999999999e-15	5.7781e-16	1902.0	0.0	3	2	4	556.10271	-885.5242
cell_1911	3.0701999999999996e-09	5.9043e-07	3.6154000000000005e-07	1.0	1.6154000000000002e-09	2.064e-07	1.7061e-09	1617.0	0.0	11	2	4	475.93675	-115.13767
cell_1918	1.0	2.4986999999999998e-15	3.0920000000000002e-16	3.0070999999999996e-18	1.27e-15	1.4767e-16	0.0	1097.0	0.0	8	2	4	81.74053	-879.4462
cell_1935	5.121599999999999e-06	9.6266e-06	0.99954	0.00043982	8.640100000000001e-07	6.9896e-06	9.534299999999999e-07	1587.0	0.0	10	2	4	425.6854	1.51693
cell_1939	5.611799999999999e-06	9.7438e-06	0.99951	0.00046639	9.7935e-07	8.5058e-06	1.0475e-06	1716.0	0.0	10	2	4	422.96699	-0.14674
cell_1954	1.0632000000000001e-05	1.8718e-05	0.99935	0.00060395	1.8288e-06	1.6418e-05	1.9799e-06	1600.0	0.0	10	2	4	423.85865	-4.59446
cell_1966	6.7137e-06	1.2580999999999999e-05	0.9995299999999999	0.00043619	1.2075e-06	9.1852e-06	1.31e-06	1612.0	0.0	10	2	4	422.31069	-3.68729
cell_1969	4.7262e-08	9.62e-07	1.4687999999999999e-05	0.99998	4.5829000000000006e-08	9.078e-07	4.5022000000000004e-08	1132.0	0.0	11	2	4	456.48078	-122.24761000000001
cell_1976	5.325e-07	1.8442e-07	0.99998	1.42e-05	3.9693000000000003e-08	1.2430999999999998e-07	3.5659e-08	1419.0	0.0	10	2	4	405.55055	-3.29903
cell_1985	2.5056e-07	2.4826000000000003e-07	0.99997	3.3585e-05	2.981e-08	1.7766e-07	3.234e-08	1536.0	0.0	10	2	4	424.13446	20.10801
cell_1999	0.034988	0.044699	0.009179600000000001	0.0127	0.012598999999999999	0.011321	0.87451	1343.0	0.0	6	2	4	184.79075	15.76283
cell_2009	2.9634e-05	0.00012293	0.99913	0.00066723	4.3356e-06	4.2187e-05	4.8684e-06	1405.0	0.0	10	2	4	422.35033	-17.19466
cell_2010	1.2443999999999999e-06	1.8989e-06	0.99956	0.00043898	1.9992e-07	1.3436000000000001e-06	2.2653000000000003e-07	1385.0	0.0	10	2	4	426.25962999999996	12.54914
cell_2013	0.0017484999999999998	0.068069	0.0035342	0.02725	0.00064421	0.8977799999999999	0.00097666	1422.0	0.0	2	2	4	597.75409	-173.62627
cell_2028	1.7761e-14	1.0	9.3599e-16	1.6083e-15	2.4707e-16	3.3873000000000004e-15	4.1016999999999997e-17	1473.0	0.0	3	2	4	558.07775	-885.1682300000001
cell_2036	1.8283e-15	1.0	3.6470000000000004e-17	0.0	0.0	2.2986e-16	0.0	1416.0	0.0	3	2	4	554.3819900000001	-897.8285800000001
cell_2047	6.2562e-06	1.1710999999999998e-05	0.9989	0.0010686	1.1623e-06	8.7312e-06	1.2715e-06	1373.0	0.0	10	2	4	423.28912	-3.90936
cell_2049	1.2099e-11	1.105e-10	4.799e-10	1.0	3.9427e-12	8.8976e-10	4.1812e-12	1301.0	0.0	11	2	4	487.04725	-95.34738
cell_2053	1.5197e-09	4.9762000000000006e-08	7.0595e-08	1.0	5.341599999999999e-10	1.1106e-07	5.655399999999999e-10	1054.0	0.0	11	2	4	483.29062999999996	-102.3805
cell_2070	1.6797000000000001e-09	2.2129e-08	1.5048e-06	1.0	1.8945e-09	2.9228000000000002e-08	9.376e-10	1222.0	0.0	11	2	4	473.16042999999996	-102.72133000000001
cell_2073	1.0	2.9572e-15	9.9567e-16	1.5051e-16	1.7212e-17	4.0868e-15	1.9503000000000002e-17	1038.0	0.0	8	2	4	82.66471999999999	-879.6402400000001
cell_2078	1.0	1.7932e-15	1.5696e-15	2.4149000000000003e-15	1.1323e-15	3.3570999999999997e-15	4.6375e-16	1005.0	0.0	8	2	4	74.78075	-875.89454
cell_2099	1.0	3.152e-15	1.5202e-15	7.7804e-16	4.601600000000001e-16	4.7033000000000005e-15	1.4574e-17	998.0	0.0	8	2	4	84.36223000000001	-879.59518
cell_2113	2.4305e-12	2.1304000000000002e-11	9.8023e-11	1.0	6.0506e-13	2.4268999999999997e-10	6.7544e-13	916.0	0.0	11	2	4	491.53638	-91.02903
cell_2115	3.1083e-13	7.3056e-12	1.066e-10	1.0	2.2433000000000001e-13	2.1295999999999998e-11	1.4069e-13	1149.0	0.0	11	2	4	492.10797	-88.86748
cell_2127	1.0	6.043600000000001e-15	8.5853e-16	2.2938999999999997e-16	1.5604e-16	4.2353e-15	8.654500000000001e-17	993.0	0.0	8	2	4	68.20014	-867.9882699999999
cell_2132	0.037337999999999996	0.044895	0.009690899999999999	0.013377000000000002	0.013399000000000001	0.011898	0.8694	1288.0	0.0	6	2	4	187.35136	11.00308
cell_2142	2.7987999999999998e-06	2.577e-06	0.99979	0.00019852	3.093e-07	1.7278e-06	3.339e-07	1078.0	0.0	10	2	4	418.06115	4.22128
cell_2146	8.2233e-06	1.4540999999999999e-05	0.9993799999999999	0.00058484	1.6136e-06	1.1415999999999999e-05	1.7527000000000002e-06	1048.0	0.0	10	2	4	425.41085	-4.26815
cell_2148	4.0396e-16	1.0	1.1658999999999999e-16	1.4551e-16	0.0	1.6328e-15	1.4303e-17	1329.0	0.0	3	2	4	564.20403	-885.0893699999999
cell_2149	3.6387e-07	3.3994e-07	0.9999600000000001	3.6982e-05	4.0149e-08	2.3196999999999998e-07	4.3296e-08	951.0	0.0	10	2	4	422.42454000000004	19.52829
cell_2151	6.2925e-14	1.2032e-12	1.2863e-11	1.0	6.9885e-14	4.0016e-12	3.2313999999999996e-14	1017.0	0.0	11	2	4	498.41183	-81.81479
cell_2160	1.0	3.1034000000000003e-15	1.3155e-15	3.3481e-16	2.9727e-16	4.2498000000000005e-15	0.0	743.0	0.0	8	2	4	79.82114	-880.76628
cell_2173	2.0704000000000002e-13	3.1556e-12	2.9023000000000003e-11	1.0	1.1303e-13	1.7154e-11	7.8373e-14	835.0	0.0	11	2	4	496.44712000000004	-83.81681
cell_2179	1.7878e-13	2.6894e-12	2.3464e-11	1.0	1.0178e-13	1.4803e-11	6.9288e-14	733.0	0.0	11	2	4	497.72220999999996	-83.33503
cell_2182	3.5722000000000003e-06	6.5921e-06	0.99971	0.00027849	6.9263e-07	4.0289e-06	7.511100000000001e-07	898.0	0.0	10	2	4	418.5991	-3.89295
cell_2187	6.9189e-11	2.0030000000000002e-09	8.6982e-09	1.0	3.4802e-11	5.721699999999999e-09	2.6750999999999997e-11	1042.0	0.0	11	2	4	484.88229	-98.13337
cell_2203	9.9508e-06	8.460199999999999e-06	0.99859	0.0013880000000000001	1.0978e-06	5.8664e-06	1.2293e-06	787.0	0.0	10	2	4	419.74008	2.69092
cell_2213	1.4363e-07	8.6479e-08	0.9999899999999999	8.3516e-06	1.2501e-08	5.6178e-08	1.264e-08	833.0	0.0	10	2	4	413.25604	11.19168
cell_2217	5.8757e-16	1.0	4.0876999999999996e-17	1.2131999999999999e-15	7.050200000000001e-16	1.8641999999999998e-15	0.0	602.0	0.0	3	2	4	555.62146	-873.0057199999999
cell_2223	8.312799999999998e-17	1.0	1.746e-16	4.8774e-16	0.0	4.538e-16	0.0	1065.0	0.0	3	2	4	561.88705	-880.9666300000001
cell_2226	2.1364e-15	1.0	7.820600000000001e-17	1.3279000000000002e-17	2.0188999999999997e-18	3.0281e-16	0.0	752.0	0.0	3	2	4	548.54716	-891.2102199999999
cell_2229	0.051503999999999994	0.055113999999999996	0.011732	0.016287	0.016201	0.014579	0.8345799999999999	833.0	0.0	6	2	4	209.27631	-9.635639999999999
cell_2242	2.1684e-14	1.0	2.3384e-15	3.968199999999999e-15	6.8925e-16	2.9101e-15	5.5143999999999996e-17	1031.0	0.0	3	2	4	568.46839	-874.1695300000001
cell_2251	0.046932	0.05152999999999999	0.011233	0.015647	0.0156	0.013819	0.84524	727.0	0.0	6	2	4	210.45476000000002	-6.752860000000001
cell_2253	4.1099e-15	1.0	1.4561e-16	3.8077e-16	1.5482e-17	6.9984e-16	0.0	718.0	0.0	3	2	4	543.82371	-884.9151
cell_2254	1.0	7.2996e-16	4.0636e-16	1.5871e-16	3.3906e-17	1.5561e-15	0.0	661.0	0.0	8	2	4	79.48846999999999	-878.96107
cell_2261	2.0939e-05	3.1647e-05	0.99925	0.0006292000000000001	4.118e-06	6.1923e-05	4.0461e-06	846.0000000000001	0.0	10	2	4	421.31400999999994	-15.507679999999999
cell_2262	5.9077e-14	1.1812e-12	1.212e-11	1.0	5.5354e-14	4.2681e-12	3.0342e-14	805.0000000000001	0.0	11	2	4	500.32606	-82.94323
cell_2269	1.0129e-14	1.0	1.2107999999999999e-15	1.348e-15	0.0	1.6335999999999998e-15	5.0248000000000006e-17	769.0	0.0	3	2	4	556.1619	-896.44941
cell_2270	1.5748e-06	2.4238e-06	0.9993700000000001	0.00062312	2.508e-07	1.6646000000000001e-06	2.8868999999999997e-07	784.0	0.0	10	2	4	427.72435	11.2234
cell_2271	1.1999999999999999e-11	4.9964e-10	1.1100000000000002e-08	1.0	1.4089000000000001e-11	4.8329e-10	7.5601e-12	988.0	0.0	11	2	4	485.93165999999997	-93.4765
cell_2277	4.2066e-15	1.0	1.0373000000000001e-16	1.2872999999999998e-17	0.0	1.8217e-16	0.0	699.0	0.0	3	2	4	553.15216	-899.68106
cell_2281	0.047292	0.054148	0.011603	0.016163	0.016125	0.014484	0.84019	715.0	0.0	6	2	4	210.7822	-9.85165
cell_2282	6.922300000000001e-10	7.1977e-08	1.8658000000000002e-07	1.0	4.681600000000001e-10	3.6972e-08	4.4502e-10	676.0	0.0	11	2	4	481.54824	-104.50265999999999
cell_2292	1.0979e-07	7.708599999999999e-08	0.9999899999999999	7.0243e-06	1.0079e-08	4.9413999999999995e-08	1.0487e-08	685.0	0.0	10	2	4	417.37519	15.94549
cell_2295	1.0	8.9419e-15	1.077e-15	5.9246e-16	5.7829999999999995e-16	5.6261000000000004e-15	5.8516e-17	618.0	0.0	8	2	4	73.91462	-877.36143
cell_2298	3.2861e-07	4.0090000000000005e-07	0.99998	1.9600999999999997e-05	3.5008e-08	2.1945e-07	3.9510999999999996e-08	669.0	0.0	10	2	4	420.39722	7.195989999999999
cell_2314	4.504e-07	4.7323999999999997e-07	0.9999299999999999	6.7553e-05	5.4109e-08	3.1906999999999996e-07	5.8995e-08	894.0	0.0	10	2	4	420.84837999999996	16.427789999999998
cell_2327	3.3265e-15	1.0	6.6558e-17	1.7022e-17	0.0	2.9754e-16	0.0	597.0	0.0	3	2	4	549.35633	-892.7913900000001
cell_2328	4.6501e-15	1.0	1.9428e-16	3.6315999999999997e-17	0.0	1.5702e-16	1.5014e-17	657.0	0.0	3	2	4	550.878	-893.53825
cell_2329	1.003e-06	1.2743e-06	0.99977	0.00022746	1.3723e-07	8.4655e-07	1.5271e-07	711.0	0.0	10	2	4	421.56742	13.46173
cell_2362	0.0016059000000000002	0.037728	0.0034149000000000002	0.035432	0.00056966	0.92053	0.00071802	9444.0	0.0	2	3	4	596.73324	-169.14196
cell_2459	0.0016832000000000001	0.058962	0.0041361	0.052110000000000004	0.00056198	0.8816700000000001	0.00087882	6911.0	0.0	2	3	4	584.47811	-178.92922
cell_2491	0.00024764	0.0035639000000000005	0.00053116	0.015255000000000001	6.077e-05	0.98025	9.1003e-05	6020.0	0.0	2	3	4	606.67267	-163.07504
cell_2519	0.00083992	0.010506999999999999	0.0015308	0.039999	0.00019048	0.9466399999999999	0.00029225	6665.0	0.0	2	3	4	603.5165599999999	-163.5514
cell_2538	1.0	2.3438000000000003e-15	2.2226e-15	2.8365e-15	1.116e-15	8.0914e-16	9.7746e-16	3202.0	0.0	8	3	4	84.67701	-881.85181
cell_2548	0.0019039000000000003	0.046113	0.0034459000000000004	0.054255	0.00061248	0.8928200000000001	0.00085064	5909.0	0.0	2	3	4	581.59702	-175.04214
cell_2569	0.00061284	0.014927000000000001	0.0014077	0.19721	0.00017633	0.7854	0.00026125	5289.0	0.0	2	3	4	599.07561	-167.57671000000002
cell_2609	0.00082319	0.009901700000000001	0.0018922000000000001	0.026719	0.00020958	0.96015	0.00030081	4315.0	0.0	2	3	4	599.26036	-164.77501
cell_2702	0.0021027	0.07297000000000001	0.0099469	0.076157	0.0008164	0.8367100000000001	0.0013	4744.0	0.0	2	3	4	588.9413400000001	-173.78843
cell_2770	0.00025464	0.0027691	0.00043819999999999997	0.011265	5.4493e-05	0.98514	8.0249e-05	3978.0	0.0	2	3	4	606.47139	-161.77118000000002
cell_2908	0.0014205	0.023226	0.0024778	0.03977	0.00051352	0.93194	0.00064738	3667.0	0.0	2	3	4	600.68	-165.65451000000002
cell_2939	0.0	1.0	6.7199e-17	3.701e-16	0.0	1.5210999999999998e-15	0.0	2773.0	0.0	3	3	4	564.22232	-883.04745
cell_2952	1.0	4.3698e-15	1.0098e-15	3.4438e-16	3.2191e-16	5.2286e-15	2.8249000000000004e-17	1551.0	0.0	8	3	4	81.94348000000001	-877.7093199999999
cell_2964	0.0016452	0.039632	0.004887699999999999	0.019137	0.00051392	0.9333100000000001	0.00087394	2991.0	0.0	2	3	4	589.46875	-170.56989
cell_2973	1.0	9.2634e-15	2.3628e-15	5.395500000000001e-16	9.8941e-16	5.0389e-15	4.1134e-17	2007.0	0.0	8	3	4	81.03183	-879.4579699999999
cell_2981	1.0	5.8901e-15	4.0549e-15	8.505299999999999e-17	6.9387e-17	5.1133000000000005e-15	2.1232e-17	1771.0	0.0	8	3	4	68.79515	-864.4137199999999
cell_2995	4.377e-06	8.4569e-06	0.9996	0.00038108	7.482800000000001e-07	5.2303e-06	8.206200000000002e-07	2174.0	0.0	10	3	4	422.3949	2.0424900000000004
cell_3001	0.0020055	0.047322	0.004485	0.040037	0.00073461	0.90448	0.00093717	2770.0	0.0	2	3	4	579.20684	-173.76734
cell_3009	1.248e-05	2.1561e-05	0.99941	0.00053182	3.7566e-06	1.5615999999999998e-05	3.9785e-06	2426.0	0.0	10	3	4	418.78643999999997	-13.606689999999999
cell_3035	1.0	2.1409e-15	6.4425e-16	8.0942e-16	2.419e-16	4.3872e-15	3.9483e-17	1901.0	0.0	8	3	4	79.97371	-877.6844800000001
cell_3050	0.06696	0.033095	0.029749	0.10128	0.69939	0.026593000000000002	0.042933	2301.0	0.0	6	3	4	320.06742	18.72472
cell_3069	3.1937e-06	3.8124e-06	0.99928	0.00071005	3.9219e-07	2.3315e-06	4.3358000000000005e-07	2124.0	0.0	10	3	4	418.00818	1.4926700000000002
cell_3086	9.9844e-06	1.9412e-05	0.99955	0.00041022	1.0459e-06	8.6774e-06	1.2727e-06	2026.0	0.0	10	3	4	423.15351	-17.78422
cell_3116	6.8635e-12	2.3563e-10	4.2109e-09	1.0	5.9821e-12	3.2174e-10	3.6152e-12	2352.0	0.0	11	3	4	484.98238	-94.94321
cell_3129	5.662e-06	6.9074e-06	0.99964	0.00033979	1.2861e-06	5.6286e-06	1.5291e-06	2004.0	0.0	10	3	4	418.80068	-2.72114
cell_3131	2.4485e-06	3.7445999999999997e-06	0.99979	0.00019945	3.8256999999999996e-07	2.3887e-06	4.1674e-07	1781.0	0.0	10	3	4	416.25588	-1.03341
cell_3143	3.5484e-07	2.1273000000000003e-07	0.99998	2.3854000000000002e-05	2.9978e-08	1.3961e-07	3.1196000000000004e-08	1947.0	0.0	10	3	4	415.4418	9.78549
cell_3154	1.1252000000000001e-13	2.0331e-12	1.9917999999999997e-11	1.0	8.9809e-14	7.8903e-12	4.9317e-14	1455.0	0.0	11	3	4	495.62562	-87.20561
cell_3162	1.5577000000000001e-06	2.3233000000000003e-06	0.99982	0.00017058	2.3343000000000005e-07	1.5465000000000001e-06	2.5539999999999997e-07	1983.0	0.0	10	3	4	421.67409000000004	6.423019999999999
cell_3170	1.5405999999999998e-05	2.9798e-05	0.9993	0.00063192	2.2231e-06	1.7705e-05	2.4653e-06	1828.0	0.0	10	3	4	423.16625999999997	-10.229280000000001
cell_3171	2.0666000000000001e-10	5.503399999999999e-09	5.135100000000001e-08	1.0	7.531999999999999e-11	1.7654e-08	7.745799999999999e-11	1772.0	0.0	11	3	4	483.19608	-99.42684
cell_3173	7.931999999999999e-15	1.0	2.2206e-16	6.3544e-17	0.0	7.7856e-17	0.0	2018.0	0.0	3	3	4	555.71115	-893.03399
cell_3175	1.0	2.6841999999999997e-15	3.2427999999999997e-16	1.9267e-16	4.4324e-17	8.6227e-16	2.1490999999999998e-16	1490.0	0.0	8	3	4	71.93621999999999	-871.9720599999999
cell_3182	8.8056e-06	1.5165e-05	0.9993	0.00066462	1.3563999999999998e-06	9.6846e-06	1.5028e-06	2058.0	0.0	10	3	4	423.36555999999996	-1.32015
cell_3188	1.0	4.0253e-15	0.0	1.0469999999999999e-16	8.1784e-17	1.452e-16	9.055e-16	1563.0	0.0	8	3	4	84.00285	-882.0518400000001
cell_3192	8.3573e-06	1.3087e-05	0.99875	0.00122	1.2443999999999999e-06	7.7867e-06	1.3496000000000002e-06	1722.0	0.0	10	3	4	421.29665	-2.2079400000000002
cell_3195	1.0	7.360500000000001e-15	2.3274e-15	5.4633e-16	7.991e-16	5.038e-15	3.6827e-18	1371.0	0.0	8	3	4	84.37888000000001	-880.35654
cell_3198	1.0	1.1952e-14	3.6274e-17	1.1849e-15	7.9763e-16	7.5604e-15	8.612e-18	1493.0	0.0	8	3	4	81.88203	-878.42474
cell_3205	9.2635e-06	1.6691e-05	0.99924	0.00072068	1.5219999999999998e-06	1.2465e-05	1.6444999999999999e-06	1609.0	0.0	10	3	4	424.37268	-2.37482
cell_3210	0.00057106	0.0094644	0.0021334	0.016558	0.00015729	0.9708700000000001	0.00024832	1939.0	0.0	2	3	4	599.8190900000001	-167.94361999999998
cell_3213	1.0	1.9332999999999997e-15	1.7207999999999999e-15	4.6988e-15	2.1192e-15	3.9114000000000004e-15	1.3929e-15	1513.0	0.0	8	3	4	69.63171	-868.71516
cell_3215	0.10008	0.051597000000000004	0.044253	0.12936	0.5663	0.041052	0.067354	1537.0	0.0	6	3	4	322.13604	2.3433
cell_3217	3.2672000000000002e-06	2.7867000000000004e-06	0.99982	0.00017554	3.1374e-07	1.6671999999999999e-06	3.3671e-07	1920.0	0.0	10	3	4	415.61495	0.55448
cell_3219	8.921799999999999e-07	1.3135e-06	0.9999600000000001	3.5398e-05	1.1064e-07	7.023899999999999e-07	1.3162e-07	1544.0	0.0	10	3	4	419.23521	-1.3484200000000002
cell_3234	6.161999999999999e-17	1.0	1.6532e-15	1.1164000000000002e-15	7.414500000000001e-17	4.0944e-16	0.0	2017.0	0.0	3	3	4	562.97112	-883.0930099999999
cell_3239	2.4313e-09	1.5406e-08	5.6109e-08	1.0	4.7273e-10	2.5066999999999995e-07	6.2747e-10	1886.0	0.0	11	3	4	478.07675	-105.06098999999999
cell_3241	8.4272e-07	1.2395e-06	0.9998100000000001	0.00018397	1.4220000000000002e-07	1.0504000000000001e-06	1.6118e-07	1677.0	0.0	10	3	4	424.25856	6.98447
cell_3242	4.1557e-06	7.1145e-06	0.99954	0.00044308	6.016300000000001e-07	4.6229e-06	6.6892e-07	1687.0	0.0	10	3	4	426.5069	5.2795
cell_3245	0.075725	0.038245	0.034913	0.12009	0.65088	0.030816000000000003	0.049333999999999996	1744.0	0.0	6	3	4	318.47297000000003	57.776869999999995
cell_3246	9.6025e-06	1.8625999999999998e-05	0.9993200000000001	0.0006374	1.6061000000000002e-06	1.0747e-05	1.7791e-06	1507.0	0.0	10	3	4	422.52055	-2.7524
cell_3252	8.9825e-16	1.0	3.7672e-17	8.6588e-18	0.0	0.0	0.0	2016.0	0.0	3	3	4	559.4672099999999	-888.7427
cell_3253	4.8757e-06	9.4808e-06	0.99965	0.00032863	7.899600000000001e-07	5.277100000000001e-06	8.7201e-07	1775.0	0.0	10	3	4	420.29571	-0.02875
cell_3256	0.0026736	0.11567999999999999	0.005557899999999999	0.048022	0.00088843	0.8259	0.0012812000000000001	1718.0	0.0	2	3	4	584.03312	-184.29391999999999
cell_3259	0.00037959	0.0046755	0.00057756	0.014925999999999998	0.00010067	0.9792	0.00013663	1652.0	0.0	2	3	4	603.20218	-159.67776
cell_3275	8.1311e-06	1.4669000000000001e-05	0.99841	0.0015562999999999998	1.4615000000000001e-06	1.1592999999999999e-05	1.5954e-06	1562.0	0.0	10	3	4	424.5995	-3.40671
cell_3279	1.0	2.1850000000000002e-15	1.0921e-15	1.1804e-16	3.9313e-16	2.6381e-15	2.3580999999999998e-17	1319.0	0.0	8	3	4	83.27702	-878.64666
cell_3281	1.1575999999999998e-13	2.1014e-12	2.0625e-11	1.0	9.4699e-14	8.3223e-12	5.1925e-14	1451.0	0.0	11	3	4	496.39772999999997	-85.59604
cell_3285	0.051307000000000005	0.068238	0.012499	0.017335	0.016856	0.015889	0.81788	1591.0	0.0	6	3	4	200.17693	-0.02394
cell_3289	4.6635999999999995e-16	1.0	2.6745e-17	4.7541e-18	0.0	4.3876e-16	0.0	1767.0	0.0	3	3	4	561.8067599999999	-883.1360900000001
cell_3293	0.085262	0.043515	0.038632	0.11999000000000001	0.62173	0.034868	0.05600499999999999	1491.0	0.0	6	3	4	320.42455	28.81165
cell_3296	1.9833e-06	3.2105e-06	0.9995	0.00049644	3.4080999999999994e-07	2.2256e-06	3.8063000000000004e-07	1365.0	0.0	10	3	4	424.03629000000006	7.79847
cell_3313	3.2294e-06	5.4011e-06	0.99945	0.00053596	4.9521e-07	3.5177999999999996e-06	5.688399999999999e-07	1482.0	0.0	10	3	4	425.96432999999996	4.23493
cell_3325	6.9457e-10	4.8459000000000004e-08	1.156e-07	1.0	3.5312999999999995e-10	4.6403999999999997e-08	3.3981999999999997e-10	1410.0	0.0	11	3	4	480.70297999999997	-103.95506
cell_3329	1.1953e-15	1.0	3.2874000000000005e-17	0.0	0.0	0.0	0.0	1582.0	0.0	3	3	4	555.15497	-890.4626099999999
cell_3334	1.6013e-07	1.3573e-07	0.99998	1.5944000000000002e-05	1.6719e-08	9.291700000000001e-08	1.7857e-08	1622.0	0.0	10	3	4	423.07667000000004	18.16691
cell_3341	1.4169e-13	2.3722e-12	2.816e-11	1.0	2.3758000000000003e-13	5.8835e-12	7.1425e-14	1203.0	0.0	11	3	4	492.97410999999994	-87.28962
cell_3344	1.0	4.6808e-15	1.4818e-15	6.2279e-16	3.5032999999999997e-16	4.5873999999999996e-15	5.82e-18	1098.0	0.0	8	3	4	81.37276999999999	-880.77864
cell_3350	0.0028383	0.11682999999999999	0.005730600000000001	0.038807	0.0010059	0.83336	0.0014212	1581.0	0.0	2	3	4	586.00454	-182.10368
cell_3353	0.044699	0.051927	0.011109	0.01546	0.015392	0.013791999999999999	0.84762	1047.0	0.0	6	3	4	207.35009	-6.27433
cell_3358	1.5109e-06	7.5015e-07	0.9999	9.379700000000001e-05	1.1208000000000001e-07	4.9449e-07	1.1557000000000001e-07	1313.0	0.0	10	3	4	414.86674	7.083480000000001
cell_3361	2.8341999999999998e-15	1.0	1.0569e-16	1.6508e-15	1.105e-17	2.4571e-18	4.1435e-18	1409.0	0.0	3	3	4	565.69466	-884.9657800000001
cell_3382	0.082102	0.041364	0.037787	0.12725999999999998	0.6247699999999999	0.033138	0.053581	1291.0	0.0	6	3	4	321.73978999999997	-3.82884
cell_3391	1.0	2.7148e-16	8.2847e-17	1.131e-16	7.7421e-17	2.5125000000000004e-16	6.1673e-17	1129.0	0.0	8	3	4	78.6941	-877.32644
cell_3394	1.9166e-15	1.0	1.5595e-16	7.4659e-17	0.0	0.0	0.0	1336.0	0.0	3	3	4	552.1861299999999	-894.92995
cell_3395	3.2406999999999996e-15	1.0	1.5445e-16	0.0	0.0	1.0009999999999999e-16	0.0	1319.0	0.0	3	3	4	552.54002	-896.20113
cell_3402	0.056764	0.028398000000000003	0.025786	0.086478	0.74303	0.022858	0.03669	1059.0	0.0	6	3	4	320.62947	16.57398
cell_3410	1.0	4.6488e-15	1.6206e-15	7.1322e-16	2.4606e-16	4.2643e-15	6.0693e-17	1061.0	0.0	8	3	4	86.02176	-881.084
cell_3411	0.051895000000000004	0.067513	0.013753	0.019354	0.018932	0.016908000000000003	0.81165	1357.0	0.0	6	3	4	200.16281	-2.56685
cell_3414	2.512e-07	1.4898e-07	0.9999899999999999	1.4022e-05	2.0828000000000003e-08	9.959e-08	2.1724e-08	1162.0	0.0	10	3	4	418.03567000000004	13.56996
cell_3416	9.7007e-14	2.015e-12	2.2129999999999996e-11	1.0	8.1444e-14	6.4094e-12	4.5064e-14	1203.0	0.0	11	3	4	494.66573	-86.65432
cell_3419	1.0	1.7706000000000002e-14	1.681e-15	1.0489000000000001e-15	4.511199999999999e-16	7.9923e-15	2.8854999999999996e-17	1035.0	0.0	8	3	4	81.45204	-876.7302800000001
cell_3424	2.4956e-16	1.0	2.2627000000000003e-16	1.2234999999999999e-15	3.8446e-16	3.8027e-16	0.0	1323.0	0.0	3	3	4	550.56862	-891.7758699999999
cell_3427	7.954e-16	1.0	3.7675999999999996e-17	1.0393e-17	0.0	2.1674000000000002e-16	0.0	1239.0	0.0	3	3	4	559.49579	-883.87345
cell_3428	0.10613	0.045082	0.037861	0.12005	0.59573	0.037526	0.057623	1181.0	0.0	6	3	4	315.56786	29.919040000000003
cell_3439	0.07651799999999999	0.037172000000000004	0.033073000000000005	0.10500999999999999	0.67005	0.030066000000000002	0.048107	1289.0	0.0	6	3	4	318.53102	30.244809999999998
cell_3452	1.4207e-16	1.0	4.8263e-17	3.5652e-17	0.0	6.1172e-16	0.0	1074.0	0.0	3	3	4	559.64922	-885.7402199999999
cell_3560	0.0010792999999999998	0.026470999999999998	0.0026711	0.011602	0.00032752	0.9573	0.00055301	7121.0	0.0	2	4	4	579.6274599999999	-175.42411
cell_3583	0.0026238000000000004	0.11197	0.0057321	0.047711	0.00093749	0.82968	0.0013442	7546.0	0.0	2	4	4	583.018	-183.7231
cell_3615	0.0015067	0.012419	0.0018503	0.048373	0.00043409	0.9345399999999999	0.00087448	6610.0	0.0	2	4	4	614.1537400000001	-157.926
cell_3629	0.0017827000000000001	0.028544999999999997	0.0024222	0.049481	0.00045965	0.91669	0.00061447	6639.0	0.0	2	4	4	582.2719900000001	-174.5379
cell_3728	0.00083283	0.019667	0.0017702000000000002	0.015347	0.00024215	0.9617700000000001	0.00037086	6693.0	0.0	2	4	4	581.07415	-175.96958
cell_3734	0.00048431	0.007095699999999999	0.00093746	0.03259	0.00011106	0.95862	0.00016501	5812.0	0.0	2	4	4	605.8582200000001	-165.28313
cell_3738	0.00041264	0.0049047	0.0007934999999999999	0.075821	0.00012111	0.9177700000000001	0.00017716	5951.0	0.0	2	4	4	626.76436	-152.42713999999998
cell_3784	0.00038779	0.0060426	0.0011079	0.02159	9.5432e-05	0.9706299999999999	0.00014897	5351.0	0.0	2	4	4	601.70929	-166.22945
cell_3800	0.00095171	0.0095081	0.001431	0.026491000000000004	0.00029345	0.96095	0.00037577	5275.0	0.0	2	4	4	618.85369	-156.96983
cell_3833	0.0012847000000000002	0.002845	0.00035441	0.073558	7.6942e-05	0.9217799999999999	9.6875e-05	4994.0	0.0	2	4	4	607.4629	-158.79648999999998
cell_3847	0.00091416	0.010348999999999999	0.0011033	0.025897000000000003	0.00019989	0.96126	0.00028136	4364.0	0.0	2	4	4	597.75003	-164.46876
cell_3871	0.00040062	0.0056963000000000005	0.00086438	0.04489	0.0001239	0.94784	0.00018335	4346.0	0.0	2	4	4	606.39007	-157.42156
cell_3929	0.0	1.0	1.5243e-15	2.7680999999999998e-15	9.0064e-18	8.334199999999999e-16	2.8643e-16	4738.0	0.0	3	4	4	569.204	-876.6026099999999
cell_3951	7.5323e-06	1.3420999999999999e-05	0.9994	0.0005691	1.2354e-06	8.3993e-06	1.3519e-06	3540.0	0.0	10	4	4	420.94257000000005	-3.70316
cell_3952	1.0447e-05	2.4598e-05	0.9993799999999999	0.00056739	2.2668e-06	1.4289000000000002e-05	2.4832e-06	3113.0	0.0	10	4	4	419.8068	-9.84167
cell_4026	1.146e-05	1.6431e-05	0.99928	0.00066402	1.9382e-06	2.2135e-05	1.9893e-06	2895.0	0.0	10	4	4	419.8789	-8.742560000000001
cell_4038	1.0	4.0213e-15	5.4504e-16	1.2029e-16	8.687000000000001e-17	4.519399999999999e-15	1.3363e-17	2190.0	0.0	8	4	4	82.61738000000001	-880.4310800000001
cell_4041	0.00020563	0.002602	0.0003168	0.008948600000000001	4.631e-05	0.9878100000000001	6.8098e-05	3921.0	0.0	2	4	4	605.43029	-163.57053
cell_4042	0.00061428	0.012159999999999999	0.002624	0.018986000000000003	0.00020038	0.9651	0.00031708	3645.0	0.0	2	4	4	585.2750599999999	-168.36196
cell_4107	0.0010245	0.0064601	0.00084505	0.048642000000000005	0.00018963	0.94257	0.0002731	3014.0	0.0	2	4	4	610.01978	-156.40705
cell_4138	1.0	3.062e-15	2.5186e-15	4.5093e-15	1.9053e-15	2.0726999999999995e-15	2.2896e-15	2084.0	0.0	8	4	4	76.53990999999999	-872.03669
cell_4158	2.0491e-06	3.2821e-06	0.99971	0.00028220000000000003	3.4033000000000003e-07	2.4394e-06	3.806e-07	2691.0	0.0	10	4	4	425.30624000000006	7.1531199999999995
cell_4160	5.131100000000001e-07	6.458e-07	0.9998600000000001	0.00014241	7.218e-08	4.5366000000000005e-07	8.131500000000001e-08	2219.0	0.0	10	4	4	426.13862	14.47134
cell_4162	5.4926e-12	1.9515000000000002e-10	1.7802000000000001e-09	1.0	4.2851e-12	2.6775e-10	2.9639e-12	2919.0	0.0	11	4	4	484.64178	-96.40495
cell_4165	1.0	7.045e-16	1.8406e-16	3.2558e-17	2.7705000000000002e-17	1.6706e-15	0.0	1879.0	0.0	8	4	4	84.56300999999999	-882.98777
cell_4173	1.0	8.2202e-15	6.686499999999999e-16	3.4343e-16	2.2385000000000003e-16	5.6391000000000005e-15	9.9759e-17	1932.0	0.0	8	4	4	77.31796999999999	-878.75424
cell_4213	1.0	4.1442e-15	2.8614e-16	1.2546e-16	5.9306e-16	3.6958e-15	1.9033e-17	1692.0	0.0	8	4	4	68.02924	-865.8358300000001
cell_4240	3.6308999999999995e-07	4.4995e-07	0.99995	5.3698e-05	4.9005999999999996e-08	3.1674e-07	5.4003e-08	2496.0	0.0	10	4	4	426.2202	17.74775
cell_4242	8.3341e-06	2.0065e-05	0.99949	0.00047144	1.4391e-06	1.0159e-05	1.5887000000000001e-06	2157.0	0.0	10	4	4	421.70325999999994	-7.03747
cell_4250	1.0	2.0093e-15	4.1785e-16	2.7736e-15	7.1317e-16	2.4065999999999997e-15	1.6564e-15	1625.0	0.0	8	4	4	84.397	-880.2560599999999
cell_4255	1.0	3.9902e-16	3.2184e-17	7.6625e-17	9.557899999999999e-17	5.808900000000001e-16	7.106600000000001e-17	1489.0	0.0	8	4	4	77.12683	-875.95706
cell_4258	9.3001e-06	8.4351e-06	0.9829100000000001	0.017063	1.2918e-06	5.8478999999999995e-06	1.7088999999999999e-06	1683.0	0.0	10	4	4	419.05602999999996	-11.91718
cell_4274	7.325699999999999e-17	1.0	3.2075999999999996e-16	1.4099000000000001e-18	0.0	8.946700000000001e-17	0.0	2553.0	0.0	3	4	4	556.34246	-884.49326
cell_4288	6.8937e-14	1.2372e-12	1.2982999999999998e-11	1.0	6.789299999999999e-14	4.2602e-12	3.3555e-14	1823.0	0.0	11	4	4	499.14185	-83.04934
cell_4295	1.0	1.5690999999999998e-15	1.4407e-15	3.8915e-16	3.6665e-16	4.7708e-15	0.0	1681.0	0.0	8	4	4	81.532	-879.70025
cell_4311	0.0013862	0.026062000000000002	0.002933	0.018321	0.00042438	0.95025	0.00062114	2081.0	0.0	2	4	4	611.6064299999999	-163.23873999999998
cell_4316	2.1045e-15	1.0	1.2793000000000001e-16	6.9187e-16	0.0	6.8163e-16	3.6145999999999996e-16	2317.0	0.0	3	4	4	566.46406	-876.5374099999999
cell_4318	1.0	3.4130000000000004e-15	1.0459e-15	2.7126e-15	1.2777999999999998e-15	1.7714999999999999e-15	1.6281e-15	1620.0	0.0	8	4	4	78.48569	-876.97051
cell_4321	1.0	5.205599999999999e-16	9.150299999999999e-17	2.4121999999999998e-17	8.787e-17	1.3791e-16	1.4858e-17	1717.0	0.0	8	4	4	83.17867	-877.5073800000001
cell_4324	2.6351e-06	2.7291000000000003e-06	0.99984	0.00015547	2.9698e-07	1.6694999999999999e-06	3.1766e-07	2063.0	0.0	10	4	4	416.68119	1.9226599999999998
cell_4327	7.1775e-10	2.9065e-08	1.6589e-07	1.0	1.0206e-09	3.0453999999999996e-08	4.1894e-10	1996.0	0.0	11	4	4	476.79715	-103.62741
cell_4340	5.173e-07	6.3856e-07	0.9999299999999999	7.2011e-05	7.0439e-08	4.3409e-07	7.8223e-08	1906.0	0.0	10	4	4	424.50292	15.35113
cell_4342	0.087869	0.045885	0.040514999999999995	0.12525999999999998	0.6066199999999999	0.036912	0.056935	1940.0	0.0	6	4	4	324.73058	-1.49976
cell_4347	0.0026184999999999997	0.064289	0.004599	0.039186	0.00085516	0.8872700000000001	0.0011853	2140.0	0.0	2	4	4	585.74109	-176.38978
cell_4367	1.4922e-06	1.8444999999999999e-06	0.9997299999999999	0.00026719	2.0756999999999997e-07	1.1398e-06	2.2767e-07	2154.0	0.0	10	4	4	417.19097	-3.0441599999999998
cell_4373	1.0	1.3861e-15	3.2036e-16	1.9848e-15	5.177299999999999e-16	1.4074000000000002e-15	1.7320999999999999e-15	1128.0	0.0	8	4	4	80.21094000000001	-877.0968
cell_4383	2.1741e-15	1.0	7.4712e-17	5.2427999999999996e-18	0.0	0.0	0.0	2033.0	0.0	3	4	4	556.26987	-891.3734199999999
cell_4397	1.0	1.0509999999999999e-14	3.0394999999999998e-15	6.6608e-16	8.9513e-16	6.012699999999999e-15	0.0	1370.0	0.0	8	4	4	73.48507	-870.3268
cell_4400	3.3722000000000002e-15	1.0	5.9246e-17	4.6533e-16	0.0	1.4727e-15	0.0	2079.0	0.0	3	4	4	557.80979	-887.0340199999999
cell_4416	3.4702e-16	1.0	0.0	5.0784e-18	4.5283e-18	1.2514000000000002e-15	5.492200000000001e-16	2006.0	0.0	3	4	4	560.36679	-883.50464
cell_4423	2.2043000000000002e-11	2.5856999999999997e-10	4.3866000000000005e-09	1.0	6.521600000000001e-11	2.8335e-10	1.31e-11	1684.0	0.0	11	4	4	478.62067	-97.3802
cell_4427	0.00043514	0.0015918	0.00021641	0.022765999999999998	4.0558e-05	0.9749	5.338e-05	1912.0	0.0	2	4	4	607.20079	-159.67356
cell_4466	9.775e-14	1.7025e-12	1.6479e-11	1.0	7.8597e-14	6.8459e-12	4.56e-14	1390.0	0.0	11	4	4	498.30742000000004	-84.70266
cell_4470	7.149e-15	1.0	8.254300000000001e-16	2.4899e-15	6.9501e-16	1.9296e-15	0.0	1558.0	0.0	3	4	4	560.51098	-890.7478
cell_4504	2.4085e-06	3.5693e-06	0.99971	0.00027941	3.3748000000000003e-07	2.2484999999999997e-06	3.7113e-07	1365.0	0.0	10	4	4	420.69426	8.7552
cell_4508	1.0955e-09	1.4501e-07	1.2710999999999998e-07	1.0	5.656e-10	7.5298e-08	5.4963e-10	1725.0	0.0	11	4	4	478.68482	-107.28907
cell_4531	2.7925e-16	1.0	8.9993e-18	2.8771e-18	0.0	2.6954e-16	0.0	1548.0	0.0	3	4	4	558.19372	-893.0029400000001
cell_4533	1.364e-07	8.7316e-08	0.9999899999999999	7.7548e-06	1.197e-08	5.605e-08	1.2223999999999999e-08	1105.0	0.0	10	4	4	415.0953	14.75237
cell_4537	2.7692e-16	1.0	0.0	1.9985e-17	6.211900000000001e-18	4.1992000000000003e-16	4.644e-16	1748.0	0.0	3	4	4	563.17522	-881.95395
cell_4540	0.031865	0.037519	0.0080713	0.011197	0.011188	0.010034999999999999	0.89013	975.0	0.0	6	4	4	204.5775	-6.00962
cell_4554	1.0	1.6123000000000002e-15	9.93e-16	2.2143e-16	1.4006e-16	2.8063000000000003e-15	3.9456999999999996e-17	1094.0	0.0	8	4	4	85.97575	-881.9441199999999
cell_4564	0.10425	0.051213999999999996	0.044691	0.12302	0.5684899999999999	0.041264	0.06707300000000001	1104.0	0.0	6	4	4	317.19951000000003	53.825230000000005
cell_4579	3.9195e-09	6.5592e-07	6.491599999999999e-07	1.0	2.0674999999999997e-09	2.8004999999999997e-07	1.9092e-09	1116.0	0.0	11	4	4	473.62657	-114.38283
cell_4597	5.4025e-16	1.0	1.6057000000000003e-17	6.0016e-17	0.0	2.1065e-16	0.0	1324.0	0.0	3	4	4	558.31506	-889.64352
cell_4601	0.047472	0.051534	0.011222	0.015621000000000001	0.015567	0.013796000000000001	0.8447899999999999	1332.0	0.0	6	4	4	208.97493	-6.36268
cell_4603	3.5582e-06	5.0535e-06	0.9998299999999999	0.00015382	4.2659999999999997e-07	2.7462e-06	5.1283e-07	1090.0	0.0	10	4	4	421.21784	1.6710900000000002
cell_4611	9.8833e-06	8.7216e-07	0.99992	7.0831e-05	3.8544000000000004e-07	5.6771e-07	3.7771e-07	1261.0	0.0	10	4	4	406.36933	-5.2070300000000005
cell_4632	5.0617e-06	8.342100000000001e-06	0.9995799999999999	0.00040046	9.070399999999999e-07	6.799199999999999e-06	9.811200000000001e-07	1069.0	0.0	10	4	4	419.28882000000004	0.5624399999999999
cell_4636	1.3341999999999999e-06	2.0953e-06	0.99979	0.00020941	1.9785e-07	1.4065e-06	2.2337e-07	1234.0	0.0	10	4	4	428.01949	13.6039
cell_4640	1.1297e-05	2.1279e-05	0.99871	0.0012433	1.5701e-06	1.3992000000000001e-05	1.7681e-06	1143.0	0.0	10	4	4	426.6624	-6.914110000000001
cell_4648	6.9822000000000005e-15	1.0	7.7043e-16	2.0821999999999998e-15	5.9739e-16	1.7605999999999999e-15	0.0	1393.0	0.0	3	4	4	559.34317	-892.8597599999999
cell_4652	0.0012732000000000002	0.024975	0.006728399999999999	0.026483	0.00042137	0.9394600000000001	0.00066447	926.0	0.0	2	4	4	591.51406	-167.51363
cell_4653	0.0015113	0.026133999999999998	0.0030749	0.034985	0.00040869	0.9333100000000001	0.00057441	1165.0	0.0	2	4	4	592.92379	-168.56636
cell_4659	0.046929000000000005	0.050975	0.01114	0.015512	0.015463	0.013669	0.84631	953.0	0.0	6	4	4	209.33979	-4.90562
cell_4662	1.0873e-06	1.5062999999999999e-06	0.9998600000000001	0.00013700000000000002	1.4793e-07	9.295299999999999e-07	1.6212e-07	1031.0	0.0	10	4	4	419.8156	11.17084
cell_4673	1.0	1.0284e-14	1.6119e-15	6.2227e-16	5.000200000000001e-16	5.856100000000001e-15	5.5430999999999994e-18	843.0	0.0	8	4	4	75.32231999999999	-872.40881
cell_4677	1.0	1.7259e-14	1.6094999999999998e-15	9.1044e-16	3.7827000000000003e-16	7.551e-15	4.3801999999999995e-17	811.0	0.0	8	4	4	65.17756	-861.419
cell_4702	1.907e-07	1.0741e-07	0.9999899999999999	1.0179e-05	1.6238e-08	7.052399999999999e-08	1.6156e-08	816.0	0.0	10	4	4	413.11	15.12655
cell_4714	0.043045	0.055702999999999996	0.01127	0.015590999999999999	0.015466999999999998	0.01402	0.8449	880.0000000000001	0.0	6	4	4	183.6622	18.47334
cell_4716	0.00057078	0.009293700000000002	0.00091852	0.014650999999999999	0.00017781	0.97411	0.00028052	1035.0	0.0	2	4	4	583.67143	-169.38176
cell_4719	0.0024136	0.030331999999999998	0.0038525	0.023825	0.00085836	0.9376899999999999	0.0010265	890.0	0.0	2	4	4	580.90947	-167.11158999999998
cell_4721	0.0042305	0.062423	0.0040668	0.031901	0.00089183	0.89528	0.0012029000000000002	957.0	0.0	2	4	4	597.82527	-172.01145
cell_4733	1.186e-13	2.4349e-12	2.3447e-11	1.0	8.853600000000001e-14	8.283999999999998e-12	5.4251999999999996e-14	861.9999999999999	0.0	11	4	4	494.33175	-85.51668000000001
cell_4742	7.681100000000001e-07	1.0846e-06	0.9999	9.429299999999999e-05	1.2447e-07	7.826600000000001e-07	1.3674000000000002e-07	816.0	0.0	10	4	4	423.32369000000006	11.839939999999999
cell_4743	0.0013333	0.022404	0.0021438000000000004	0.039761000000000005	0.0006468	0.93295	0.00076242	697.0	0.0	2	4	4	580.87098	-157.78108
cell_4747	3.4637999999999998e-06	5.9415e-06	0.9996799999999999	0.00030615	4.7361e-07	3.6883999999999997e-06	5.336e-07	749.0	0.0	10	4	4	424.03646	4.02135
