174
221
246
251
259
263
272
323
330
338
358
362
388
397
398
433
448
469
476
479
503
508
536
537
548
552
556
560
561
562
563
564
573
576
577
578
580
581
586
589
590
600
664
668
682
705
706
713
722
735
739
827
862
877
881
900
905
906
979
1056
1082
1108
1144
1146
1228
1248
1252
1264
1326
1352
1356
1358
1441
1452
1492
1494
1495
1541
1543
1551
1557
1563
1568
1573
1592
1617
1651
1663
1699
1722
1724
1732
1743
1746
1750
1753
1761
1772
1782
1794
1816
1818
1819
1820
1821
1826
1842
1846
1853
1856
1878
1883
1905
1911
1918
1935
1939
1954
1966
1969
1976
1985
1999
2009
2010
2013
2028
2036
2047
2049
2053
2070
2073
2078
2099
2113
2115
2127
2132
2142
2146
2148
2149
2151
2160
2173
2179
2182
2187
2203
2213
2217
2223
2226
2229
2242
2251
2253
2254
2261
2262
2269
2270
2271
2277
2281
2282
2292
2295
2298
2314
2327
2328
2329
2362
2459
2491
2519
2538
2548
2569
2609
2702
2770
2908
2939
2952
2964
2973
2981
2995
3001
3009
3035
3050
3069
3086
3116
3129
3131
3143
3154
3162
3170
3171
3173
3175
3182
3188
3192
3195
3198
3205
3210
3213
3215
3217
3219
3234
3239
3241
3242
3245
3246
3252
3253
3256
3259
3275
3279
3281
3285
3289
3293
3296
3313
3325
3329
3334
3341
3344
3350
3353
3358
3361
3382
3391
3394
3395
3402
3410
3411
3414
3416
3419
3424
3427
3428
3439
3452
3560
3583
3615
3629
3728
3734
3738
3784
3800
3833
3847
3871
3929
3951
3952
4026
4038
4041
4042
4107
4138
4158
4160
4162
4165
4173
4213
4240
4242
4250
4255
4258
4274
4288
4295
4311
4316
4318
4321
4324
4327
4340
4342
4347
4367
4373
4383
4397
4400
4416
4423
4427
4466
4470
4504
4508
4531
4533
4537
4540
4554
4564
4579
4597
4601
4603
4611
4632
4636
4640
4648
4652
4653
4659
4662
4673
4677
4702
4714
4716
4719
4721
4733
4742
4743
4747
